AXH1_D_CONESUPPORTS.300          10.55701    -0.06315589      -1.721081           0.28
AXH1_D_CONESUPPORTS.305          10.55701       1.458922     -0.9152351           0.28
AXH1_D_CONESUPPORTS.310          10.55701       1.522078      0.8058459           0.28
AXH1_D_CONESUPPORTS.315          10.55701     0.06315589       1.721081           0.28
AXH1_D_CONESUPPORTS.320          10.55701      -1.522078     -0.8058459           0.28
AXH1_D_CONESUPPORTS.325          10.55701      -1.458922      0.9152351           0.28
AXH1_D_GNC_PLATE.169             10.15142     -0.8351755       2.057356       0.561792
AXH1_D_GNC_PLATE.170             10.15142      0.8497486       2.051475       0.561792
AXH1_D_GNC_PLATE.171             8.817741     -0.8351755       2.057356       0.561792
AXH1_D_GNC_PLATE.172             8.817741      0.8497486       2.051475       0.561792
AXH1_D_GNC_PLATE.20169           10.15142     -0.8351755       2.057356       0.561792
AXH1_D_GNC_PLATE.20170           10.15142      0.8497486       2.051475       0.561792
AXH1_D_GNC_PLATE.20171           8.817741     -0.8351755       2.057356       0.561792
AXH1_D_GNC_PLATE.20172           8.817741      0.8497486       2.051475       0.561792
AXH1_D_LPGF.20                   9.367712      -2.249729    0.005682909     0.02762344
AXH1_D_LPGF.50                   9.367712       2.249715   -0.005682909     0.02762344
AXH1_D_SERVICEMODULE.227         9.504587       2.097624     -0.7284181       1.159861
AXH1_D_SERVICEMODULE.241         9.504587       1.672013      -1.461161       1.159861
AXH1_D_SERVICEMODULE.281         10.00569       2.220486   -0.007750991      0.2326434
AXH1_D_SERVICEMODULE.285         9.582187       2.218215   -0.005682908      0.2693258
AXH1_D_SERVICEMODULE.291         9.504587       1.116956       1.919122      0.8307839
AXH1_D_SERVICEMODULE.322         9.505066   -0.003981664       2.181343      0.1156799
AXH1_D_SERVICEMODULE.329         9.504587       1.679641       1.452387       1.159861
AXH1_D_SERVICEMODULE.343         9.504587       2.101409      0.7174251       1.159861
AXH1_D_SERVICEMODULE.433         9.504587      -1.679641      -1.452387       1.159861
AXH1_D_SERVICEMODULE.469         9.504587      -2.101409     -0.7174251       1.159861
AXH1_D_SERVICEMODULE.489         9.582187      -2.218215    0.005682908      0.2693258
AXH1_D_SERVICEMODULE.493         9.504587      -1.116956      -1.919122      0.8307839
AXH1_D_SERVICEMODULE.504         9.504587     -0.4293964      -2.178586       1.159861
AXH1_D_SERVICEMODULE.516         9.504587      0.4179835      -2.180805       1.159861
AXH1_D_SERVICEMODULE.557         9.504587       1.103531      -1.926873      0.8307839
AXH1_D_SERVICEMODULE.567         9.504587      -2.097624      0.7284181       1.159861
AXH1_D_SERVICEMODULE.579         9.504587      -1.672013       1.461161       1.159861
AXH1_D_SERVICEMODULE.610         10.52509       1.617269    -0.07485404       2.103115
AXH1_D_SERVICEMODULE.639         10.52509      0.8734598       1.363169       2.103115
AXH1_D_SERVICEMODULE.666         9.504587      -1.103531       1.926873      0.8307839
AXH1_D_SERVICEMODULE.674         10.52509     -0.7438088       1.438023       2.103115
AXH1_D_SERVICEMODULE.726         10.52509      -1.617269     0.07485404       2.103115
AXH1_D_SERVICEMODULE.753         10.52509     -0.8734598      -1.363169       2.103115
AXH1_D_SERVICEMODULE.849         10.52509      0.7438088      -1.438023       2.103115
AXH1_D_SERVICEMODULE.1112        9.081087       2.220486   -0.007750991       0.325271
AXH1_D_SERVICEMODULE.1119        9.081087      -2.220486    0.007750991       0.325271
AXH1_D_SERVICEMODULE.1202        10.00569      -2.220486    0.007750991      0.2326434
AXH1_D_SERVICEMODULE.10285       9.582187       2.218215   -0.005682908      0.2693258
AXH1_D_SERVICEMODULE.10489       9.582187      -2.218215    0.005682908      0.2693258
AXH1_D_SERVICEMODULE.20285       9.582187       2.218215   -0.005682908      0.2693258
AXH1_D_SERVICEMODULE.20489       9.582187      -2.218215    0.005682908      0.2693258