AXH1_D_MDPSPANELS.1              6.356104     -0.8700631      -2.048816      0.1039437
AXH1_D_MDPSPANELS.2              2.789175       2.069213     -0.8570961       2.141358
AXH1_D_MDPSPANELS.17             2.789175      0.8570961      -2.069213       2.141358
AXH1_D_MDPSPANELS.32             5.305175       2.069213     -0.8570961       2.141358
AXH1_D_MDPSPANELS.47             4.047175       2.069213     -0.8570961       2.141358
AXH1_D_MDPSPANELS.62             1.531175       2.069213     -0.8570961       2.141358
AXH1_D_MDPSPANELS.77             5.305175      0.8570961      -2.069213       2.141358
AXH1_D_MDPSPANELS.92             4.047175      0.8570961      -2.069213       2.141358
AXH1_D_MDPSPANELS.107            1.531175      0.8570961      -2.069213       2.141358
AXH1_D_MDPSPANELS.122            2.789175     -0.8570961      -2.069213       2.141358
AXH1_D_MDPSPANELS.137            5.305175     -0.8570961      -2.069213       2.141358
AXH1_D_MDPSPANELS.152            4.047175     -0.8570961      -2.069213       2.141358
AXH1_D_MDPSPANELS.167            1.531175     -0.8570961      -2.069213       2.141358
AXH1_D_MDPSPANELS.182            5.305175      -2.069213     -0.8570961       2.141358
AXH1_D_MDPSPANELS.197            4.047175      -2.069213     -0.8570961       2.141358
AXH1_D_MDPSPANELS.212            2.789175      -2.069213     -0.8570961       2.141358
AXH1_D_MDPSPANELS.227            1.531175      -2.069213     -0.8570961       2.141358
AXH1_D_MDPSPANELS.242            4.047175       2.069213      0.8570961       2.141358
AXH1_D_MDPSPANELS.257           0.5591754          1.571  2.042810e-14        1.245789
AXH1_D_MDPSPANELS.266           0.5591754       1.110865      -1.110865       1.245789
AXH1_D_MDPSPANELS.275           0.5591754         -1.571  -2.053913e-14       1.245789
AXH1_D_MDPSPANELS.284           0.5591754       1.110865       1.110865       1.245789
AXH1_D_MDPSPANELS.293            3.252675      0.8570961       2.069213      0.1970143
AXH1_D_MDPSPANELS.297            2.322675      0.8570961       2.069213      0.1970143
AXH1_D_MDPSPANELS.298            2.787675      0.2923395       2.220539      0.6813411
AXH1_D_MDPSPANELS.301            3.251925     -0.8570961       2.069213      0.1960761
AXH1_D_MDPSPANELS.305            2.326425     -0.8570961       2.069213      0.2017051
AXH1_D_MDPSPANELS.306            2.787675      -1.363443       1.776873      0.6813411
AXH1_D_MDPSPANELS.309           0.5591754  -2.087219e-14          1.571       1.245789
AXH1_D_MDPSPANELS.318            2.787675      -1.776873       1.363443      0.6813411
AXH1_D_MDPSPANELS.325            3.251925      -2.069213      0.8570961      0.1960761
AXH1_D_MDPSPANELS.336            2.326425      -2.069213      0.8570961      0.2017051
AXH1_D_MDPSPANELS.337            2.787675      -2.220539      0.2923395      0.6813411
AXH1_D_MDPSPANELS.339           0.5591754      -1.110865       1.110865       1.245789
AXH1_D_MDPSPANELS.348           0.5591754      -1.110865      -1.110865       1.245789
AXH1_D_MDPSPANELS.357           0.5591754  2.053913e-14          -1.571       1.245789
AXH1_D_MDPSPANELS.366            2.787675       1.363443       1.776873      0.6813411
AXH1_D_MDPSPANELS.372            3.251925       2.069213      0.8570961      0.1960761
AXH1_D_MDPSPANELS.376            2.787675       1.776873       1.363443      0.6813411
AXH1_D_MDPSPANELS.384            2.326425       2.069213      0.8570961      0.2017051
AXH1_D_MDPSPANELS.386            4.047175       1.269868       1.844909      0.9733444
AXH1_D_MDPSPANELS.401            4.047175      -1.269868       1.844909      0.9733444
AXH1_D_MDPSPANELS.416            4.047175      -2.069213      0.8570961       2.141358
AXH1_D_MDPSPANELS.431            4.047175     -0.1952027       2.231177       0.438005
AXH1_D_MDPSPANELS.446            3.739175     -0.6551987       2.141721      0.3319339
AXH1_D_MDPSPANELS.455            3.739175      0.6551987       2.141721      0.3319339
AXH1_D_MDPSPANELS.464            4.047175      0.1952027       2.231177       0.438005
AXH1_D_MDPSPANELS.515            2.787675     -0.2923395       2.220539      0.6813411
AXH1_D_MDPSPANELS.542            2.787675       2.220539      0.2923395      0.6813411
AXH1_D_MDPSPANELS.578            6.355608      0.8700631       2.048816       0.108031
AXH1_D_MDPSPANELS.579            6.099437      -2.173171      0.5418325      0.2636301
AXH1_D_MDPSPANELS.603            6.099437      0.5418325       2.173171      0.2636301
AXH1_D_MDPSPANELS.612            6.099437     -0.5418325       2.173171      0.2636301
AXH1_D_MDPSPANELS.614            6.637045      -1.191001       1.896779      0.4790985
AXH1_D_MDPSPANELS.621            6.355766     -0.8700631       2.048816      0.1079055
AXH1_D_MDPSPANELS.652            6.099437      -2.173171     -0.5418325      0.2636301
AXH1_D_MDPSPANELS.654            6.637045      -1.896779      -1.191001      0.4790985
AXH1_D_MDPSPANELS.679            6.643045      -1.583707       1.583707      0.7510193
AXH1_D_MDPSPANELS.700            8.236116     -0.8700631       2.048816      0.1340165
AXH1_D_MDPSPANELS.701            8.236178      0.8700631       2.048816      0.1340658
AXH1_D_MDPSPANELS.702            6.637045       1.191001       1.896779      0.4790985
AXH1_D_MDPSPANELS.720            6.643045       1.583707       1.583707      0.7510193
AXH1_D_MDPSPANELS.741            6.099437     -0.5418325      -2.173171      0.2636301
AXH1_D_MDPSPANELS.750            7.988045      -1.191001      -1.896779      0.4790985
AXH1_D_MDPSPANELS.764            8.525654     -0.5418325      -2.173171        0.26363
AXH1_D_MDPSPANELS.771            6.637045      -1.191001      -1.896779      0.4790985
AXH1_D_MDPSPANELS.789            7.988045      -1.576782      -1.590602      0.7510193
AXH1_D_MDPSPANELS.807            6.643045      -1.583707      -1.583707      0.7510193
AXH1_D_MDPSPANELS.846            7.988045      -1.896779      -1.191001      0.4790985
AXH1_D_MDPSPANELS.867            6.637045      -1.896779       1.191001      0.4790985
AXH1_D_MDPSPANELS.891            6.637045       1.896779      -1.191001      0.4790985
AXH1_D_MDPSPANELS.893            6.099437       2.173171     -0.5418325      0.2636301
AXH1_D_MDPSPANELS.912            6.643045       1.583707      -1.583707      0.7510193
AXH1_D_MDPSPANELS.933            6.637045       1.191001      -1.896779      0.4790985
AXH1_D_MDPSPANELS.954            8.236116      -2.048816      0.8700631      0.1299296
AXH1_D_MDPSPANELS.955            6.355787      -2.048816      0.8700631      0.1079055
AXH1_D_MDPSPANELS.956            6.355787      -2.048816     -0.8700631      0.1038186
AXH1_D_MDPSPANELS.957            8.269241      -2.048816     -0.8700631      0.1078562
AXH1_D_MDPSPANELS.958            6.637045       1.896779       1.191001      0.4790985
AXH1_D_MDPSPANELS.979            6.099437       2.173171      0.5418325      0.2636301
AXH1_D_MDPSPANELS.991            6.389208       2.048816      0.8700631       0.130104
AXH1_D_MDPSPANELS.992            6.099437      0.5418325      -2.173171      0.2636301
AXH1_D_MDPSPANELS.998            6.356104      0.8700631      -2.048816      0.1039437
AXH1_D_MDPSPANELS.999            6.355787       2.048816     -0.8700631      0.1079055
AXH1_D_MDPSPANELS.1000           7.988045      -1.590602       1.576782      0.7510193
AXH1_D_MDPSPANELS.1018           7.988045      -1.191001       1.896779      0.4790985
AXH1_D_MDPSPANELS.1039           7.988045       1.191001       1.896779      0.4790985
AXH1_D_MDPSPANELS.1053           8.525654      0.5418325       2.173171        0.26363
AXH1_D_MDPSPANELS.1060           7.988045      -1.896779       1.191001      0.4790985
AXH1_D_MDPSPANELS.1074           8.525654      -2.173171      0.5418325        0.26363
AXH1_D_MDPSPANELS.1081           7.988045       1.896779      -1.191001      0.4790985
AXH1_D_MDPSPANELS.1095           8.525654       2.173171     -0.5418325        0.26363
AXH1_D_MDPSPANELS.1102           7.988045       1.191001      -1.896779      0.4790985
AXH1_D_MDPSPANELS.1123           7.988045       1.590602      -1.576782      0.7510193
AXH1_D_MDPSPANELS.1141           7.988045       1.896779       1.191001      0.4790985
AXH1_D_MDPSPANELS.1162           7.988045       1.576782       1.590602      0.7510193
AXH1_D_MDPSPANELS.1186           8.235662       2.048816      0.8700631      0.1340165
AXH1_D_MDPSPANELS.1187           8.236116       2.048816     -0.8700631      0.1340165
AXH1_D_MDPSPANELS.1188           8.236116      0.8700631      -2.048816      0.1340165
AXH1_D_MDPSPANELS.1189           8.236116     -0.8700631      -2.048816      0.1340165
AXH1_D_MDPSPANELS.1190           8.525654      0.5418325      -2.173171        0.26363
AXH1_D_MDPSPANELS.1202           8.525654     -0.5418325       2.173171        0.26363
AXH1_D_MDPSPANELS.1214             8.5252       2.173171      0.5418325        0.26363
AXH1_D_MDPSPANELS.1220           8.525654      -2.173171     -0.5418325        0.26363
AXH1_D_PRESSURESHELL.2427       0.3756753     -0.4241359       0.244875       1.004703
AXH1_D_PRESSURESHELL.9333       0.3756753             0.       -0.48975       1.004703
AXH1_D_PRESSURESHELL.9334       0.3756753      0.4241359       0.244875       1.004703
AXH1_D_PRESSURESHELL.22427      0.3756753     -0.4241359       0.244875       1.004703
AXH1_D_PRESSURESHELL.29333      0.3756753             0.       -0.48975      0.5023513
AXH1_D_PRESSURESHELL.29333      0.3756753  -5.188321e-14       -0.48975      0.5023513
AXH1_D_PRESSURESHELL.29334      0.3756753      0.4241359       0.244875       1.004703
AXH1_D_RADIATORPANELS.479       0.9086754     -0.8570961       2.069213      0.3823844
AXH1_D_RADIATORPANELS.480        1.264389     -0.8570961       2.069213       0.458863
AXH1_D_RADIATORPANELS.481        1.531175     -0.8570961       2.069213       0.458863
AXH1_D_RADIATORPANELS.482        1.797961     -0.8570961       2.069213       0.458863
AXH1_D_RADIATORPANELS.483        2.153675     -0.8570961       2.069213      0.3823844
AXH1_D_RADIATORPANELS.937       0.9086754      -2.069213      0.8570961      0.3823844
AXH1_D_RADIATORPANELS.938        1.264389      -2.069213      0.8570961       0.458863
AXH1_D_RADIATORPANELS.939        1.531175      -2.069213      0.8570961       0.458863
AXH1_D_RADIATORPANELS.940        1.797961      -2.069213      0.8570961       0.458863
AXH1_D_RADIATORPANELS.941        2.153675      -2.069213      0.8570961      0.3823844
AXH1_D_RADIATORPANELS.958       0.9086754      0.8570961       2.069213      0.3823844
AXH1_D_RADIATORPANELS.959        1.264389      0.8570961       2.069213       0.458863
AXH1_D_RADIATORPANELS.960        1.531175      0.8570961       2.069213       0.458863
AXH1_D_RADIATORPANELS.961        1.797961      0.8570961       2.069213       0.458863
AXH1_D_RADIATORPANELS.962        2.153675      0.8570961       2.069213      0.3823844
AXH1_D_RADIATORPANELS.1012      0.9086754       2.069213      0.8570961      0.3823844
AXH1_D_RADIATORPANELS.1013       1.264389       2.069213      0.8570961       0.458863
AXH1_D_RADIATORPANELS.1014       1.531175       2.069213      0.8570961       0.458863
AXH1_D_RADIATORPANELS.1015       1.797961       2.069213      0.8570961       0.458863
AXH1_D_RADIATORPANELS.1016       2.153675       2.069213      0.8570961      0.3823844
AXH1_D_RADIATORPANELS.1059       4.682675      0.8570961       2.069213      0.3823844
AXH1_D_RADIATORPANELS.1060       5.038389      0.8570961       2.069213       0.458863
AXH1_D_RADIATORPANELS.1061       5.305175      0.8570961       2.069213       0.458863
AXH1_D_RADIATORPANELS.1062       5.571961      0.8570961       2.069213       0.458863
AXH1_D_RADIATORPANELS.1063       5.927675      0.8570961       2.069213      0.3823844
AXH1_D_RADIATORPANELS.1160       4.682675      -2.069213      0.8570961      0.3823844
AXH1_D_RADIATORPANELS.1161       5.038389      -2.069213      0.8570961       0.458863
AXH1_D_RADIATORPANELS.1162       5.305175      -2.069213      0.8570961       0.458863
AXH1_D_RADIATORPANELS.1163       5.571961      -2.069213      0.8570961       0.458863
AXH1_D_RADIATORPANELS.1164       5.927675      -2.069213      0.8570961      0.3823844
AXH1_D_RADIATORPANELS.1330       4.682675     -0.8570961       2.069213      0.3823844
AXH1_D_RADIATORPANELS.1331       5.038389     -0.8570961       2.069213       0.458863
AXH1_D_RADIATORPANELS.1332       5.305175     -0.8570961       2.069213       0.458863
AXH1_D_RADIATORPANELS.1333       5.571961     -0.8570961       2.069213       0.458863
AXH1_D_RADIATORPANELS.1334       5.927675     -0.8570961       2.069213      0.3823844
AXH1_D_RADIATORPANELS.1418       4.682675       2.069213      0.8570961      0.3823844
AXH1_D_RADIATORPANELS.1419       5.038389       2.069213      0.8570961       0.458863
AXH1_D_RADIATORPANELS.1420       5.305175       2.069213      0.8570961       0.458863
AXH1_D_RADIATORPANELS.1421       5.571961       2.069213      0.8570961       0.458863
AXH1_D_RADIATORPANELS.1422       5.927675       2.069213      0.8570961      0.3823844
AXH1_D_WINDOWCOVER.1             2.789427       2.069213      0.8570961      0.3774569
AXH1_D_WINDOWCOVER.5             2.784975      0.8570961       2.069213      0.3812696
AXH1_D_WINDOWCOVER.9             2.789427     -0.8570961       2.069213      0.3774569
AXH1_D_WINDOWCOVER.13            2.789427      -2.069213      0.8570961      0.3774569